0 0.186364 0.119118 0.130909 0.190588
0 0.482273 0.214412 0.182727 0.266824
0 0.314091 0.353382 0.146364 0.192176
0 0.596364 0.516176 0.140000 0.219176
0 0.447273 0.582882 0.129091 0.223941
0 0.278636 0.655941 0.135455 0.222353
0 0.628636 0.722647 0.162727 0.263647
0 0.849091 0.349412 0.112727 0.241412
0 0.762727 0.132618 0.134545 0.243000
0 0.620455 0.273176 0.135455 0.212824
0 0.820909 0.547941 0.129091 0.219176
0 0.127727 0.747265 0.166364 0.255706
0 0.456818 0.805235 0.171818 0.212824
0 0.845455 0.791735 0.187273 0.239824