0 0.295000 0.361595 0.128182 0.163190
0 0.235455 0.499018 0.147273 0.200982
0 0.137727 0.595215 0.188182 0.183804
0 0.108636 0.789325 0.117273 0.173497
0 0.342727 0.669939 0.243636 0.281718
0 0.220000 0.818528 0.167273 0.334969
0 0.402273 0.263681 0.113636 0.166626
0 0.311818 0.225031 0.078182 0.116810
0 0.386818 0.164049 0.148182 0.128834
0 0.558182 0.164049 0.183636 0.286871
0 0.389091 0.476687 0.109091 0.255951
0 0.481364 0.409693 0.124545 0.238773
0 0.662727 0.312638 0.141818 0.261104
0 0.570000 0.442331 0.081818 0.273129
0 0.588636 0.657055 0.275455 0.262822
0 0.770455 0.200982 0.075455 0.089325
0 0.720909 0.097055 0.136364 0.146012
0 0.878636 0.206994 0.131818 0.235337
0 0.803182 0.365890 0.137273 0.237055
0 0.735455 0.517055 0.183636 0.247362
0 0.366364 0.871779 0.161818 0.200982
0 0.512727 0.827975 0.183636 0.261104
0 0.746818 0.841718 0.210000 0.288589
0 0.950909 0.299755 0.090909 0.238773
0 0.923636 0.827975 0.140000 0.312638