0 0.692210 0.340909 0.208052 0.329912
0 0.509435 0.436217 0.169164 0.212610
0 0.357771 0.411290 0.213885 0.505865
0 0.224093 0.418622 0.183747 0.247801
0 0.556101 0.613636 0.235273 0.244868
0 0.239648 0.628299 0.230412 0.256598
0 0.387910 0.083578 0.149719 0.149560
0 0.631933 0.106305 0.171108 0.180352
0 0.872067 0.492669 0.141942 0.489736
0 0.644085 0.780059 0.391798 0.404692
0 0.087498 0.338710 0.151664 0.252199
0 0.257634 0.140762 0.143886 0.155425
0 0.811305 0.117302 0.175969 0.219941
0 0.349508 0.865103 0.232357 0.290323
0 0.060763 0.595308 0.102081 0.222874
0 0.934775 0.260997 0.119581 0.184751
0 0.096248 0.159091 0.186663 0.192082