0 0.493724 0.205279 0.321994 0.258065
0 0.228323 0.166422 0.201002 0.159824
0 0.160509 0.339443 0.317115 0.376833
0 0.359072 0.329179 0.148312 0.186217
0 0.703996 0.104839 0.137579 0.151026
0 0.832306 0.111437 0.183439 0.184751
0 0.705460 0.258065 0.169779 0.175953
0 0.606422 0.347507 0.170754 0.149560
0 0.449816 0.424487 0.144409 0.197947
0 0.584956 0.522727 0.164900 0.171554
0 0.352242 0.532991 0.136604 0.268328
0 0.135140 0.700880 0.248814 0.548387
0 0.292234 0.783724 0.180512 0.189150
0 0.460549 0.659091 0.193196 0.300587
0 0.668870 0.700880 0.270280 0.398827
0 0.757662 0.431085 0.176609 0.228739
0 0.846942 0.257331 0.138555 0.192082
0 0.877678 0.659091 0.239056 0.394428
0 0.842063 0.851173 0.247838 0.239003
0 0.555684 0.886364 0.274183 0.183284
0 0.365415 0.857771 0.168803 0.208211
0 0.944028 0.274927 0.096598 0.209677