0 0.417617 0.447214 0.187342 0.231672
0 0.268328 0.399560 0.152215 0.189150
0 0.155143 0.588710 0.119040 0.136364
0 0.253692 0.689883 0.128798 0.197947
0 0.420544 0.742669 0.160021 0.224340
0 0.549342 0.808651 0.144409 0.218475
0 0.730829 0.697947 0.122943 0.173021
0 0.877190 0.704545 0.150264 0.195015
0 0.583492 0.509531 0.107331 0.133431
0 0.789374 0.475806 0.111234 0.142229
0 0.878654 0.431818 0.129773 0.145161
0 0.757662 0.346774 0.098550 0.112903
0 0.634719 0.440616 0.121967 0.142229
0 0.586907 0.302053 0.155143 0.161290